position: 
  x: 0.07606798706161454
  y: 0.012751563257595707
  z: 0.5500002851312615
orientation: 
  x: -9.604863799781964e-07
  y: -1.1373881774929713e-07
  z: 0.004363264384067311
  w: 0.9999904809161833
---
